function y=function_min(x)
M = [0.4750 0.3296 0.3423 0.3853; 0.3296 1.2118 0.6161 0.4309; 0.3423 0.6161 1.0690 0.7650;0.3853 0.4309 0.7650 0.8834]
b = [0.9601 ; 0.7007; 0.0284; 0.5931]
y = x'*(M*(x))+b'*x
